t	<U>	<P>
0.01	3.01828	4.42616
0.02	2.84544	3.89489
0.03	2.71351	3.54128
0.04	2.60826	3.21721
0.05	2.53922	2.98068
0.06	2.46527	2.74811
0.07	2.41126	2.55837
0.08	2.36119	2.37675
0.09	2.33441	2.26486
0.1	2.29862	2.15894
0.11	2.27752	2.0637
0.12	2.25001	1.96235
0.13	2.22755	1.88058
0.14	2.20621	1.79641
0.15	2.18534	1.70889
0.16	2.1643	1.66334
0.17	2.15505	1.60025
0.18	2.13905	1.54382
0.19	2.1234	1.46852
0.2	2.11264	1.4465
0.21	2.1029	1.41218
0.22	2.0965	1.38331
0.23	2.08695	1.31756
0.24	2.07906	1.26713
0.25	2.07105	1.22968
0.26	2.0622	1.20099
0.27	2.05292	1.15517
0.28	2.04973	1.12676
0.29	2.04602	1.10427
0.3	2.04061	1.0728
0.31	2.04058	1.04962
0.32	2.03159	1.0016
0.33	2.02853	0.9627
0.34	2.02788	0.960396
0.35	2.02265	0.931916
0.36	2.01978	0.915683
0.37	2.02202	0.902319
0.38	2.01798	0.885274
0.39	2.01499	0.870182
0.4	2.01609	0.859694
0.41	2.01142	0.835022
0.42	2.01135	0.831847
0.43	2.01134	0.810549
0.44	2.01524	0.797854
0.45	2.01159	0.796399
0.46	2.006	0.783835
0.47	2.00581	0.745412
0.48	2.00226	0.740901
0.49	2.00625	0.729073
0.5	1.99849	0.722774
0.51	1.99863	0.723604
0.52	1.99723	0.706065
0.53	1.99857	0.689353
0.54	1.99514	0.681606
0.55	1.99765	0.685669
0.56	1.99252	0.673641
0.57	1.99966	0.664165
0.58	1.99022	0.633958
0.59	1.9922	0.611768
0.6	1.98765	0.625394
0.61	1.9885	0.62327
0.62	1.98846	0.606521
0.63	1.98993	0.607201
0.64	1.98622	0.605668
0.65	1.98226	0.575016
0.66	1.98278	0.559673
0.67	1.98105	0.535916
0.68	1.9815	0.52493
0.69	1.97828	0.505331
0.7	1.97759	0.491578
0.71	1.97601	0.499299
0.72	1.97686	0.495644
0.73	1.98176	0.491963
0.74	1.97954	0.481709
0.75	1.97379	0.473669
0.76	1.97748	0.468771
0.77	1.97611	0.465979
0.78	1.97388	0.447013
0.79	1.974	0.446551
0.8	1.97766	0.427907
0.81	1.97044	0.434898
0.82	1.97362	0.434036
0.83	1.97416	0.446804
0.84	1.97734	0.449694
0.85	1.9791	0.453881
0.86	1.97737	0.444596
0.87	1.97567	0.425037
0.88	1.97361	0.422633
0.89	1.97569	0.422812
0.9	1.97151	0.399697
0.91	1.97494	0.396676
0.92	1.98017	0.400997
0.93	1.97231	0.410882
0.94	1.9746	0.411924
0.95	1.97169	0.381683
0.96	1.9738	0.391824
0.97	1.97901	0.39482
0.98	1.97351	0.397788
0.99	1.97747	0.414039
1	1.97529	0.406958
1.01	3.22402	4.88298
1.02	3.21538	5.40623
1.03	3.24528	5.65495
1.04	3.10559	5.39355
1.05	3.0515	5.36271
1.06	2.94844	5.10881
1.07	2.92165	5.01503
1.08	2.86853	4.82966
1.09	2.89408	4.98143
1.1	3.0548	5.49004
1.11	2.94531	5.22597
1.12	2.87869	5.05813
1.13	2.84024	4.89817
1.14	2.76735	4.72347
1.15	2.74211	4.65362
1.16	2.66674	4.46598
1.17	2.71208	4.65842
1.18	2.75992	4.76261
1.19	2.76814	4.82075
1.2	2.72619	4.71963
1.21	2.6797	4.58021
1.22	2.65725	4.54924
1.23	2.67864	4.59746
1.24	2.78175	4.9786
1.25	2.79429	5.02443
1.26	2.80071	5.0567
1.27	2.7573	4.91884
1.28	2.73464	4.85552
1.29	2.70191	4.73774
1.3	2.70293	4.72801
1.31	2.69285	4.68631
1.32	2.68317	4.66373
1.33	2.68406	4.64101
1.34	2.67114	4.613
1.35	2.66571	4.55204
1.36	2.64972	4.52471
1.37	2.67894	4.5919
1.38	2.70981	4.72246
1.39	2.66279	4.61176
1.4	2.71531	4.73808
1.41	2.75897	4.90492
1.42	2.73344	4.84542
1.43	2.70519	4.76054
1.44	2.67796	4.66568
1.45	2.65411	4.64721
1.46	2.68517	4.72025
1.47	2.65822	4.63487
1.48	2.6568	4.63489
1.49	2.66446	4.65698
1.5	2.6987	4.74667
1.51	2.68253	4.71109
1.52	2.6803	4.72395
1.53	2.66898	4.701
1.54	2.64761	4.61364
1.55	2.62554	4.55818
1.56	2.62196	4.55634
1.57	2.61033	4.51292
1.58	2.62163	4.52396
1.59	2.61342	4.51562
1.6	2.63286	4.55702
1.61	2.65228	4.59517
1.62	2.6804	4.73184
1.63	2.64813	4.6565
1.64	2.68769	4.71228
1.65	2.67275	4.6707
1.66	2.65232	4.62519
1.67	2.6552	4.62298
1.68	2.65697	4.60491
1.69	2.69788	4.80633
1.7	2.69275	4.76126
1.71	2.67818	4.69488
1.72	2.67681	4.72371
1.73	2.69574	4.77774
1.74	2.66252	4.69918
1.75	2.66394	4.6815
1.76	2.6415	4.60751
1.77	2.63675	4.60053
1.78	2.627	4.57204
1.79	2.67973	4.70198
1.8	2.741	4.88704
1.81	2.68844	4.77326
1.82	2.70693	4.80207
1.83	2.7179	4.86958
1.84	2.69789	4.78751
1.85	2.67683	4.70716
1.86	2.67962	4.71899
1.87	2.69534	4.75906
1.88	2.71113	4.79971
1.89	2.7044	4.77333
1.9	2.71418	4.81774
1.91	2.7015	4.7629
1.92	2.67161	4.68826
1.93	2.65325	4.61948
1.94	2.6368	4.55116
1.95	2.66154	4.62221
1.96	2.71034	4.8041
1.97	2.71912	4.84717
1.98	2.72098	4.84061
1.99	2.69635	4.79329
2	2.67282	4.72409
2.01	2.66672	4.60611
2.02	2.65943	4.52109
2.03	2.62283	4.38659
2.04	2.65669	4.39142
2.05	2.64809	4.36983
2.06	2.68734	4.40462
2.07	2.67989	4.3893
2.08	2.7158	4.48937
2.09	2.6861	4.39982
2.1	2.66288	4.32677
2.11	2.72033	4.45747
2.12	2.67699	4.35262
2.13	2.65806	4.29294
2.14	2.64315	4.20284
2.15	2.61304	4.08603
2.16	2.65256	4.24202
2.17	2.69926	4.38235
2.18	2.68872	4.3863
2.19	2.68257	4.40491
2.2	2.67031	4.32471
2.21	2.6522	4.27617
2.22	2.62785	4.21486
2.23	2.61163	4.17021
2.24	2.60856	4.11097
2.25	2.68933	4.33084
2.26	2.66467	4.27637
2.27	2.60854	4.13851
2.28	2.62012	4.20608
2.29	2.60736	4.1233
2.3	2.59584	4.10498
2.31	2.58271	4.05373
2.32	2.6225	4.16756
2.33	2.58744	4.08213
2.34	2.60744	4.11808
2.35	2.62833	4.19494
2.36	2.60024	4.11514
2.37	2.65562	4.2967
2.38	2.64385	4.23699
2.39	2.65521	4.31182
2.4	2.65706	4.30216
2.41	2.63978	4.26235
2.42	2.61624	4.19586
2.43	2.60507	4.16494
2.44	2.57785	4.10186
2.45	2.63323	4.28537
2.46	2.60753	4.20482
2.47	2.60054	4.17647
2.48	2.57796	4.09353
2.49	2.57958	4.1102
2.5	2.61953	4.19705
2.51	2.6144	4.18526
2.52	2.67392	4.3529
2.53	2.64132	4.27389
2.54	2.63224	4.23697
2.55	2.60695	4.16059
2.56	2.59161	4.12196
2.57	2.58582	4.10694
2.58	2.56667	4.05248
2.59	2.59327	4.13885
2.6	2.62772	4.23646
2.61	2.60687	4.17821
2.62	2.59291	4.13512
2.63	2.58818	4.12076
2.64	2.55805	4.0381
2.65	2.53863	3.94716
2.66	2.57871	4.07072
2.67	2.61177	4.16679
2.68	2.58004	4.07538
2.69	2.63094	4.26902
2.7	2.62595	4.25394
2.71	2.60225	4.18371
2.72	2.62302	4.24187
2.73	2.59152	4.15417
2.74	2.57903	4.10156
2.75	2.55531	4.02103
2.76	2.56467	4.04719
2.77	2.57771	4.06802
2.78	2.5421	4.00524
2.79	2.56942	4.06665
2.8	2.54867	4.00568
2.81	2.54378	3.97369
2.82	2.54165	3.95372
2.83	2.57154	4.03528
2.84	2.57896	4.04258
2.85	2.59023	4.08415
2.86	2.57599	4.02755
2.87	2.566	4.00198
2.88	2.54766	3.96748
2.89	2.5769	4.05148
2.9	2.55117	3.97438
2.91	2.53182	3.90842
2.92	2.54192	3.93899
2.93	2.55105	3.9764
2.94	2.54262	3.95111
2.95	2.55156	3.98108
2.96	2.57625	4.05273
2.97	2.56378	4.01432
2.98	2.5423	3.95443
2.99	2.55403	3.97573
3	2.542	3.93573
3.01	2.56668	4.0154
3.02	2.54647	3.94909
3.03	2.53871	3.93619
3.04	2.56945	4.02399
3.05	2.57069	4.03056
3.06	2.57268	4.03655
3.07	2.6217	4.19214
3.08	2.60842	4.15856
3.09	2.6127	4.15942
3.1	2.59172	4.10846
3.11	2.60726	4.16607
3.12	2.61301	4.19091
3.13	2.59848	4.14651
3.14	2.5947	4.13875
3.15	2.6325	4.26262
3.16	2.62097	4.1915
3.17	2.65254	4.28398
3.18	2.6328	4.23675
3.19	2.63595	4.19747
3.2	2.62588	4.18198
3.21	2.64009	4.19779
3.22	2.63867	4.21348
3.23	2.61849	4.17529
3.24	2.63515	4.20681
3.25	2.62661	4.1624
3.26	2.63398	4.18535
3.27	2.59346	4.08572
3.28	2.62495	4.15181
3.29	2.59251	4.06231
3.3	2.59939	4.08219
3.31	2.61196	4.09378
3.32	2.60079	4.07244
3.33	2.58211	4.03375
3.34	2.58326	4.04583
3.35	2.61934	4.16992
3.36	2.61025	4.15515
3.37	2.63208	4.22131
3.38	2.6195	4.18347
3.39	2.60343	4.12924
3.4	2.58858	4.10105
3.41	2.57217	4.03565
3.42	2.57032	4.01788
3.43	2.57362	4.0203
3.44	2.56652	3.99884
3.45	2.54796	3.91677
3.46	2.52326	3.85534
3.47	2.55109	3.92764
3.48	2.53724	3.88019
3.49	2.5949	4.03134
3.5	2.59567	4.06974
3.51	2.57714	4.00152
3.52	2.57173	3.99492
3.53	2.59374	4.06761
3.54	2.57797	4.02445
3.55	2.57791	3.9963
3.56	2.58405	4.01633
3.57	2.60691	4.10216
3.58	2.62733	4.16358
3.59	2.6234	4.17556
3.6	2.61965	4.18605
3.61	2.61696	4.14565
3.62	2.63341	4.22141
3.63	2.62685	4.21239
3.64	2.60383	4.1383
3.65	2.62979	4.2076
3.66	2.63929	4.22292
3.67	2.60965	4.15426
3.68	2.62783	4.2045
3.69	2.63319	4.22994
3.7	2.60754	4.14617
3.71	2.60674	4.16543
3.72	2.62519	4.2392
3.73	2.6359	4.26166
3.74	2.62546	4.22901
3.75	2.60355	4.1798
3.76	2.59851	4.16019
3.77	2.58868	4.1109
3.78	2.58046	4.09207
3.79	2.57819	4.07819
3.8	2.58849	4.11553
3.81	2.57421	4.0793
3.82	2.57544	4.06648
3.83	2.57964	4.09113
3.84	2.55757	4.03063
3.85	2.54842	3.98993
3.86	2.57429	4.05841
3.87	2.57152	4.06945
3.88	2.59406	4.129
3.89	2.5974	4.15211
3.9	2.59273	4.14214
3.91	2.59692	4.16299
3.92	2.59875	4.16078
3.93	2.58908	4.12788
3.94	2.60185	4.17144
3.95	2.58767	4.13486
3.96	2.60816	4.19032
3.97	2.6283	4.27772
3.98	2.62018	4.24552
3.99	2.60258	4.19482
4	2.61918	4.21436
4.01	2.59646	4.16665
4.02	2.61784	4.24462
4.03	2.59964	4.19102
4.04	2.60324	4.20267
4.05	2.59232	4.17018
4.06	2.61959	4.22149
4.07	2.60786	4.17806
4.08	2.58679	4.11884
4.09	2.60621	4.19421
4.1	2.59283	4.13558
4.11	2.60554	4.19606
4.12	2.6118	4.22235
4.13	2.59998	4.17711
4.14	2.6081	4.19703
4.15	2.59263	4.16599
4.16	2.61939	4.21456
4.17	2.60616	4.18893
4.18	2.60913	4.19959
4.19	2.59654	4.14046
4.2	2.58703	4.13111
4.21	2.57843	4.09463
4.22	2.58617	4.09603
4.23	2.55249	4.00474
4.24	2.57539	4.04397
4.25	2.58374	4.0737
4.26	2.58439	4.07998
4.27	2.5874	4.09211
4.28	2.60343	4.13263
4.29	2.60276	4.14009
4.3	2.59513	4.11545
4.31	2.60135	4.15322
4.32	2.58524	4.11658
4.33	2.55974	4.02648
4.34	2.54236	3.95582
4.35	2.5484	3.97947
4.36	2.57148	4.02045
4.37	2.57017	4.01706
4.38	2.58153	4.03939
4.39	2.56084	3.98084
4.4	2.57166	4.01237
4.41	2.57419	4.01772
4.42	2.58282	4.05969
4.43	2.5828	4.05473
4.44	2.58944	4.07645
4.45	2.56941	4.0193
4.46	2.57623	4.03758
4.47	2.56949	4.02762
4.48	2.59253	4.09038
4.49	2.575	4.03034
4.5	2.57032	3.9985
4.51	2.57725	3.99786
4.52	2.59213	4.03789
4.53	2.59244	4.06011
4.54	2.65275	4.24002
4.55	2.64939	4.22669
4.56	2.61834	4.15446
4.57	2.62108	4.16504
4.58	2.63308	4.18896
4.59	2.61455	4.14653
4.6	2.61199	4.14062
4.61	2.60682	4.13795
4.62	2.60853	4.14114
4.63	2.61003	4.13624
4.64	2.58963	4.08823
4.65	2.59848	4.11226
